close all
clear
clc

data.methods = ["pg", "pg-", "pg-mpc", "pg-p", "sg", "sg-p", "sg-p-1", "sg-p-2"];
data.labels = ["collision", "abort", "success", "nav_time"];
data.stdr = [0.00, 4.50, 95.50, 127;
             0.00, 3.50, 96.50, 116;
             1.50, 0.00, 98.50, 97;
             16.00, 2.00, 82.00, 73;
             0.00, 0.00, 100.00, 94;
             23.00, 1.00, 76.00, 80;
             0.00, 0.00, 100.00, 87;
             7.50, 0.00, 92.50, 77];
data.gazebo = [0.50, 26.00, 73.50, 105;
               12.00, 21.50, 66.50, 98;
               2.00, 0.50, 97.50, 108;
               16.50, 1.00, 82.50, 95;
               0.00, 0.00, 100.00, 104;
               15.00, 0.50, 84.50, 86;
               0.00, 0.00, 100.00, 116;
               7.50, 0.00, 92.50, 85];

save("ablation_study_data.mat", "data")

%% New data
data.methods = ["pg-", "pg", "pg-po", "sg-", "sg", "pg-track", "sg-track", "pg-mpc", "sg-mpc", "sg-mpc-po"];
data.labels = ["collision", "abort", "success", "nav_speed"];
data.stdr = [6.00, 1.20, 92.80, 0.45;
             2.20, 0.60, 97.20, 0.26;
             0.00, 1.00, 99.00, 0.25;
             8.20, 18.20, 73.60, 0.44;
             0.40, 2.40, 97.20, 0.33;
             22.60, 4.00, 73.40, 0.40;
             16.80, 19.40, 63.80, 0.39;
             5.80, 16.00, 78.20, 0.29;
             4.40, 4.20, 91.40, 0.30;
             0.00, 0.80, 99.20, 0.30];
data.gazebo = [12.60, 0.00, 87.40, 0.35;
               1.80, 0.00, 98.20, 0.26;
               0.40, 0.40, 99.20, 0.25;
               26.00, 21.00, 53.00, 0.40;
               0.40, 2.00, 97.60, 0.34;
               18.00, 13.40, 68.60, 0.40;
               26.40, 16.40, 57.00, 0.38;
               3.40, 19.20, 77.40, 0.27;
               0.60, 5.60, 93.80, 0.28;
               0.00, 0.40, 99.60, 0.28];

save("ablation_study_second_data.mat", "data")